Selection	View	Channel	Begin Time (s)	End Time (s)	Low Freq (Hz)	High Freq (Hz)	category	confidence
1	Spectrogram 1	1	3.105176320	3.462287040	22.573	400.851	lt	0.6793736
2	Spectrogram 1	1	8.737934080	9.062541440	258.636	430.561	w	0.25565025
3	Spectrogram 1	1	10.192254944	10.646112480	65.842	404.033	lt	0.67141
5	Spectrogram 1	1	11.546557600	11.761440019	253.929	727.273	m	0.26665556
6	Spectrogram 1	1	17.890247360	18.358399200	38.381	372.087	lt	0.6317321
7	Spectrogram 1	1	15.278503424	15.456418512	241.019	713.075	m	0.42641118
8	Spectrogram 1	1	16.378519520	16.734632320	196.650	425.161	w	0.32255995
9	Spectrogram 1	1	20.847309280	21.690581280	202.475	638.024	m	0.75123054
10	Spectrogram 1	1	22.644190880	23.108686080	190.983	507.291	m	0.62653065
11	Spectrogram 1	1	20.024884949	20.492412720	168.052	480.868	m	0.609036
12	Spectrogram 1	1	22.257650400	22.772903360	70.454	336.913	lt	0.50536615
13	Spectrogram 1	1	26.367024160	27.336507520	342.780	601.726	m	0.7614128
14	Spectrogram 1	1	25.030248016	25.309054448	0.000	280.624	lt	0.45731756
15	Spectrogram 1	1	28.811777280	28.966285120	211.534	689.112	m	0.28561047
16	Spectrogram 1	1	27.658102560	28.138062400	241.214	420.066	w	0.27413595
17	Spectrogram 1	1	32.091515200	32.783062080	26.717	328.642	lt	0.8020203
18	Spectrogram 1	1	31.144942080	32.039687744	336.017	612.592	m	0.636454
19	Spectrogram 1	1	34.475662080	34.945840000	242.975	402.216	w	0.50731087
20	Spectrogram 1	1	35.000000000	35.342849184	270.953	755.826	lt	0.7992837
21	Spectrogram 1	1	38.827025440	39.910629920	193.843	614.994	m	0.78077155
22	Spectrogram 1	1	37.851505440	38.233567840	175.697	414.317	w	0.38060448
23	Spectrogram 1	1	41.929490480	42.384326880	48.229	526.505	lt	0.79974616
24	Spectrogram 1	1	44.316445280	44.848816480	232.117	566.737	m	0.7052754
25	Spectrogram 1	1	44.706300800	45.008000000	5.643	307.774	lt	0.5471697
26	Spectrogram 1	1	40.602728512	41.049492000	269.207	481.145	w	0.30403098
27	Spectrogram 1	1	44.302614720	44.430908800	219.199	691.257	m	0.30322805
28	Spectrogram 1	1	45.036084717	45.994140864	281.102	615.970	m	0.6846052
29	Spectrogram 1	1	46.731497280	47.142188480	66.636	423.758	lt	0.6698098
30	Spectrogram 1	1	48.416380160	48.908870880	246.022	446.263	w	0.26638597
31	Spectrogram 1	1	49.903843721	50.990260256	194.047	625.676	m	0.79025763
32	Spectrogram 1	1	54.288862400	54.582670880	207.043	506.734	w	0.5645135
33	Spectrogram 1	1	51.129140640	51.691494624	206.836	403.057	w	0.40035918
34	Spectrogram 1	1	55.116315952	56.137297856	349.524	632.360	m	0.53711754
36	Spectrogram 1	1	57.587240800	57.906891200	27.268	290.846	lt	0.49322888
37	Spectrogram 1	1	59.753405108	60.678521968	340.800	643.443	m	0.7401672
38	Spectrogram 1	1	63.878282880	65.008000000	333.294	625.881	m	0.57797205
39	Spectrogram 1	1	61.627433575	62.519282400	262.323	454.545	w	0.34671214
40	Spectrogram 1	1	60.802853392	61.319111680	238.276	444.035	w	0.275746
41	Spectrogram 1	1	69.265880000	70.399220244	339.030	630.189	m	0.6522291
42	Spectrogram 1	1	65.329629632	65.642332512	54.642	868.426	lt	0.59409904
43	Spectrogram 1	1	68.548683520	68.785471680	3.485	285.527	lt	0.39231092
44	Spectrogram 1	1	67.889118240	68.293809600	184.379	357.620	w	0.37700877
46	Spectrogram 1	1	73.883655840	75.310124180	346.703	645.898	m	0.6013277
47	Spectrogram 1	1	71.664404320	72.103039520	226.704	425.423	w	0.49055642
48	Spectrogram 1	1	73.139125280	73.456878240	68.788	287.556	lt	0.46915784
49	Spectrogram 1	1	78.364951680	79.471368640	368.640	671.879	m	0.7256065
50	Spectrogram 1	1	79.467974400	80.305013355	267.088	594.108	m	0.7061762
53	Spectrogram 1	1	75.266318240	75.856503904	51.597	732.541	w	0.3130679
56	Spectrogram 1	1	83.985487840	85.003984000	327.589	634.861	m	0.70660895
57	Spectrogram 1	1	81.406153760	81.913550784	204.291	412.652	w	0.31663612
58	Spectrogram 1	1	80.197505376	80.964130608	47.934	321.185	lt	0.29730785
59	Spectrogram 1	1	80.938622192	81.407014080	207.924	354.213	w	0.2817543
60	Spectrogram 1	1	89.095249920	90.192062559	315.451	647.890	m	0.77499723
61	Spectrogram 1	1	85.000000000	85.337559936	179.867	420.856	w	0.4048907
62	Spectrogram 1	1	88.691485280	89.131644800	227.197	384.003	w	0.27819797
63	Spectrogram 1	1	94.148178720	95.177579780	353.808	645.430	m	0.6053936
65	Spectrogram 1	1	91.807765600	92.510920000	46.892	295.369	lt	0.49776894
66	Spectrogram 1	1	90.337850592	90.724909440	72.665	271.926	lt	0.417214
67	Spectrogram 1	1	98.984741280	99.987635680	329.160	625.300	m	0.6351831
68	Spectrogram 1	1	95.822537440	96.210542240	203.155	364.626	w	0.58186865
69	Spectrogram 1	1	96.282947840	96.741151520	255.929	448.745	w	0.44580546
70	Spectrogram 1	1	96.899196800	97.149858880	63.946	287.488	lt	0.37098017
71	Spectrogram 1	1	97.520898880	98.089369600	264.346	514.475	w	0.31145662
73	Spectrogram 1	1	100.717046016	101.011293120	24.393	317.488	lt	0.7546417
74	Spectrogram 1	1	101.801743840	102.256071040	19.558	321.954	lt	0.67614937
76	Spectrogram 1	1	101.308987840	101.714510720	212.151	398.286	w	0.2861781
77	Spectrogram 1	1	105.085230592	106.188631680	272.525	641.326	m	0.74290437
78	Spectrogram 1	1	107.979557600	108.291283200	10.999	295.299	lt	0.7315429
79	Spectrogram 1	1	106.178091840	106.587404320	57.856	283.921	lt	0.6205017
80	Spectrogram 1	1	109.208077600	109.581314880	196.587	353.916	w	0.4760233
81	Spectrogram 1	1	109.735467840	110.537850164	303.379	611.794	m	0.42240387
82	Spectrogram 1	1	107.193551200	107.616007840	205.323	387.344	w	0.2718182
83	Spectrogram 1	1	110.483440672	111.236305440	164.619	586.096	m	0.80885845
84	Spectrogram 1	1	113.422249920	113.736031200	42.140	293.666	lt	0.61357784
87	Spectrogram 1	1	112.207657280	112.686573280	250.305	425.943	w	0.27369305
88	Spectrogram 1	1	115.000070190	116.210033696	262.024	624.689	m	0.87195516
89	Spectrogram 1	1	118.564709920	118.939974560	220.502	420.969	w	0.42355815
90	Spectrogram 1	1	120.039317382	121.353461664	281.828	641.398	m	0.7786158
91	Spectrogram 1	1	123.368929600	123.647740160	19.344	310.049	lt	0.71149516
92	Spectrogram 1	1	122.213779200	122.533551680	49.150	331.010	lt	0.6071756
93	Spectrogram 1	1	124.326451200	124.888748800	229.671	427.018	w	0.4541816
94	Spectrogram 1	1	120.059018494	120.483455200	188.565	361.804	w	0.37480322
95	Spectrogram 1	1	127.596320800	127.803986880	70.688	414.232	lt	0.79782325
96	Spectrogram 1	1	125.245094480	126.287469440	323.493	646.965	m	0.79251146
97	Spectrogram 1	1	128.653328640	129.167214880	27.369	265.663	lt	0.6988214
98	Spectrogram 1	1	129.133307680	130.199122774	331.715	647.439	m	0.64154917
100	Spectrogram 1	1	126.422126240	126.876458240	221.844	432.038	w	0.3844898
101	Spectrogram 1	1	133.223340800	133.791185600	30.871	268.896	lt	0.7145806
102	Spectrogram 1	1	130.471313472	130.813619360	10.991	316.320	lt	0.70736206
103	Spectrogram 1	1	134.088391680	135.241234067	347.334	640.686	m	0.66426325
106	Spectrogram 1	1	138.950092800	139.984517600	351.728	646.907	m	0.7278538
107	Spectrogram 1	1	139.773339840	140.008000000	52.861	319.903	lt	0.64720833
108	Spectrogram 1	1	136.205515840	137.003372320	28.462	255.895	lt	0.64091265
109	Spectrogram 1	1	138.955109440	139.872057600	163.684	564.732	m	0.280061
110	Spectrogram 1	1	143.491186080	144.510081120	355.840	624.810	m	0.673747
111	Spectrogram 1	1	140.396180848	140.599617760	198.616	505.524	m	0.57332665
112	Spectrogram 1	1	142.643851520	143.182000960	233.752	453.194	w	0.41800582
114	Spectrogram 1	1	149.205415040	150.338727390	347.612	638.242	m	0.69697946
115	Spectrogram 1	1	145.050369568	145.526991888	220.490	470.646	w	0.5973625
117	Spectrogram 1	1	147.492712480	148.679891518	161.217	413.581	m	0.5070996
118	Spectrogram 1	1	146.782803520	147.142683360	180.636	432.488	w	0.315037
119	Spectrogram 1	1	151.942789680	152.460150880	126.025	418.277	m	0.8214093
120	Spectrogram 1	1	152.794166080	153.367057600	152.200	451.795	m	0.7775448
121	Spectrogram 1	1	150.329897712	151.371270080	166.000	424.665	m	0.67417455
123	Spectrogram 1	1	153.373234400	154.446689600	285.453	570.513	m	0.59684926
124	Spectrogram 1	1	154.669370080	155.008000000	54.536	421.947	lt	0.42135862
125	Spectrogram 1	1	158.967563520	160.338240042	280.241	503.369	m	0.76471424
126	Spectrogram 1	1	157.536025773	158.807742400	322.711	589.681	m	0.5531501
127	Spectrogram 1	1	155.000000000	155.737555680	181.407	464.395	m	0.54045576
130	Spectrogram 1	1	161.868183600	162.602201600	147.966	454.540	m	0.719375
131	Spectrogram 1	1	162.836153280	163.775886720	135.292	438.779	m	0.6246514
134	Spectrogram 1	1	164.582522880	164.924526880	219.473	503.149	w	0.47270086
136	Spectrogram 1	1	163.974195876	164.846617120	262.899	449.631	m	0.3122851
137	Spectrogram 1	1	166.725688240	167.459217600	147.678	484.059	m	0.6322026
138	Spectrogram 1	1	168.951071040	169.275545920	20.385	302.496	lt	0.55870986
139	Spectrogram 1	1	167.263751757	167.907188000	178.311	425.061	m	0.48360363
140	Spectrogram 1	1	169.278888640	170.628283271	221.130	595.498	m	0.39644808
142	Spectrogram 1	1	172.893785120	173.917476804	157.432	440.255	m	0.6958163
143	Spectrogram 1	1	171.338668160	172.070952160	177.510	474.590	m	0.6549553
144	Spectrogram 1	1	170.768340208	171.229207840	272.126	513.628	w	0.48629984
145	Spectrogram 1	1	170.225289246	170.735305168	152.055	351.351	m	0.45952946
146	Spectrogram 1	1	173.748781631	174.000087360	180.551	442.260	w	0.36262465
149	Spectrogram 1	1	174.817184396	175.921508912	322.800	641.278	m	0.73351026
150	Spectrogram 1	1	177.466483840	178.307298400	166.629	456.656	m	0.67064494
151	Spectrogram 1	1	176.050495840	176.272036864	182.146	601.966	w	0.5487238
152	Spectrogram 1	1	175.438052272	175.743245856	49.188	280.563	lt	0.51058996
153	Spectrogram 1	1	178.088272480	178.331582400	205.476	592.138	w	0.4585862
154	Spectrogram 1	1	179.411547840	179.776782400	124.922	392.855	m	0.41215706
155	Spectrogram 1	1	181.974234560	182.646529600	162.514	463.210	m	0.69707817
156	Spectrogram 1	1	183.099725120	183.523472640	172.144	432.516	w	0.6733507
157	Spectrogram 1	1	180.248446896	180.943564080	175.981	469.292	m	0.606788
158	Spectrogram 1	1	181.332831040	181.590154240	202.501	503.697	w	0.58406913
159	Spectrogram 1	1	184.235635895	185.425874063	351.351	552.826	m	0.4540601
161	Spectrogram 1	1	186.951155760	187.301396000	197.296	526.814	w	0.7166251
162	Spectrogram 1	1	185.630601568	186.179582160	39.689	238.674	lt	0.61185324
163	Spectrogram 1	1	186.939006240	187.697193920	153.878	444.857	m	0.59143597
164	Spectrogram 1	1	189.106934400	189.644440480	30.441	333.783	lt	0.5302855
165	Spectrogram 1	1	187.765234400	188.249565440	0.000	233.792	lt	0.4845678
166	Spectrogram 1	1	188.684142560	190.008000000	346.259	644.980	m	0.4363964
167	Spectrogram 1	1	184.779209231	185.088483716	255.528	410.319	w	0.42140442
168	Spectrogram 1	1	186.268785920	186.971023200	169.998	508.600	m	0.3760151
169	Spectrogram 1	1	188.008405440	188.638987520	218.840	447.873	w	0.2673408
170	Spectrogram 1	1	190.872686240	191.442372800	151.038	477.535	m	0.5455808
171	Spectrogram 1	1	191.594136224	191.874587360	200.983	492.639	w	0.5370502
172	Spectrogram 1	1	193.778538560	194.248234400	54.434	311.097	lt	0.52646637
173	Spectrogram 1	1	193.615030240	194.726088000	326.447	631.342	m	0.4980767
174	Spectrogram 1	1	191.992160160	192.417189440	178.045	341.312	w	0.39110705
175	Spectrogram 1	1	190.000000000	190.418878208	214.628	421.877	w	0.3390779
176	Spectrogram 1	1	195.241169136	195.769555728	178.685	488.458	w	0.81299186
177	Spectrogram 1	1	195.866804752	196.666250496	160.971	428.672	m	0.70978475
178	Spectrogram 1	1	198.021171840	198.284266080	185.834	507.385	w	0.6476293
179	Spectrogram 1	1	199.453003840	200.004836000	153.211	462.846	m	0.6382665
180	Spectrogram 1	1	197.517993600	198.279941920	161.073	429.532	m	0.427273
181	Spectrogram 1	1	196.921603760	197.400604800	177.362	333.089	w	0.41285422
182	Spectrogram 1	1	203.004459200	203.752579360	159.558	449.493	m	0.70712256
183	Spectrogram 1	1	200.982385984	201.794540000	148.448	446.574	m	0.6287276
184	Spectrogram 1	1	200.769573248	201.134724960	272.600	494.030	m	0.48743874
185	Spectrogram 1	1	204.347590880	205.237460286	277.641	507.603	m	0.45900178
186	Spectrogram 1	1	200.000000000	200.383373360	197.054	470.773	w	0.45511442
187	Spectrogram 1	1	202.631307680	202.917817440	34.600	281.126	lt	0.3663596
189	Spectrogram 1	1	202.312958080	202.631641600	223.372	472.687	w	0.29973045
190	Spectrogram 1	1	208.526653819	208.857565920	180.034	444.717	w	0.7940904
191	Spectrogram 1	1	206.857086400	207.628701120	257.735	490.787	m	0.740041
192	Spectrogram 1	1	208.926313920	209.604379200	165.217	402.097	m	0.6952647
193	Spectrogram 1	1	206.311398240	206.709284480	192.943	441.146	w	0.6564106
195	Spectrogram 1	1	209.437280320	210.007532160	276.015	556.728	m	0.4676041
196	Spectrogram 1	1	205.766529056	206.109664064	31.356	306.169	lt	0.41944593
197	Spectrogram 1	1	209.655798880	209.998867200	12.172	330.058	lt	0.41391432
198	Spectrogram 1	1	214.048540000	214.530667200	126.486	411.038	m	0.8045306
199	Spectrogram 1	1	212.495761280	213.424954560	266.954	504.741	m	0.7853515
200	Spectrogram 1	1	210.597611088	211.914888640	226.776	566.509	m	0.735678
201	Spectrogram 1	1	210.177724656	210.616429504	184.152	417.943	w	0.5542485
202	Spectrogram 1	1	215.140591552	215.878936160	253.233	506.151	m	0.758006
203	Spectrogram 1	1	217.356999040	218.066031200	163.457	469.065	m	0.7243707
204	Spectrogram 1	1	219.793154240	220.008000000	207.371	696.791	m	0.7126818
205	Spectrogram 1	1	219.304337920	219.621044800	10.208	283.497	lt	0.6632226
206	Spectrogram 1	1	218.632939520	219.221186080	255.122	505.538	m	0.64993215
207	Spectrogram 1	1	216.491910080	216.838600160	8.158	283.678	lt	0.5109088
208	Spectrogram 1	1	216.407169184	217.523196320	335.787	548.219	m	0.4912004
209	Spectrogram 1	1	215.786038752	216.492318560	169.899	441.816	m	0.45086884
210	Spectrogram 1	1	220.007534302	220.646968160	197.840	683.777	m	0.87577325
211	Spectrogram 1	1	220.965921696	221.936453376	160.142	467.017	m	0.74079144
212	Spectrogram 1	1	224.076535200	224.966527360	291.768	539.129	m	0.7035678
213	Spectrogram 1	1	223.280380320	224.157701120	156.807	462.692	m	0.5211987
214	Spectrogram 1	1	224.175210400	224.640371520	138.898	300.341	w	0.50170255
215	Spectrogram 1	1	221.678711200	222.574174560	279.493	494.889	m	0.43484
216	Spectrogram 1	1	223.182039520	223.422967360	30.255	269.190	lt	0.3544379
217	Spectrogram 1	1	226.751272640	227.606091840	277.530	507.062	m	0.6925683
218	Spectrogram 1	1	227.897722720	228.658035200	173.652	466.265	m	0.6712213
219	Spectrogram 1	1	225.000000000	225.527034400	156.085	439.365	m	0.58346254
220	Spectrogram 1	1	226.794164640	227.353823680	16.109	285.559	lt	0.46107274
221	Spectrogram 1	1	225.990207760	226.383885760	179.345	393.563	w	0.42243204
222	Spectrogram 1	1	228.620507840	228.947582080	223.475	449.353	w	0.36677933
223	Spectrogram 1	1	225.538258000	226.690248800	305.419	590.689	m	0.28902286
224	Spectrogram 1	1	233.275742720	234.157220160	278.991	575.219	m	0.73407525
225	Spectrogram 1	1	231.225836160	231.959226320	147.679	472.495	m	0.6570263
226	Spectrogram 1	1	230.519025120	231.293393920	281.738	509.613	m	0.54522187
227	Spectrogram 1	1	234.488755840	235.207520033	160.299	465.796	m	0.5130552
228	Spectrogram 1	1	238.029396960	238.927291520	172.817	591.042	m	0.8014126
229	Spectrogram 1	1	235.156079840	236.674960000	295.139	506.253	m	0.58635265
230	Spectrogram 1	1	239.662719680	239.995163200	10.962	321.816	lt	0.49841857
231	Spectrogram 1	1	236.545785120	236.911168704	175.852	363.099	w	0.28366452
232	Spectrogram 1	1	242.767713440	243.591321760	263.681	584.534	m	0.78782
233	Spectrogram 1	1	243.873706080	244.212382880	54.193	681.977	lt	0.7414712
234	Spectrogram 1	1	241.239829120	241.979315920	165.453	451.756	m	0.63949144
235	Spectrogram 1	1	240.414797600	241.904997120	295.469	577.843	m	0.451861
236	Spectrogram 1	1	240.254679568	240.720598400	156.324	316.266	w	0.30883315
237	Spectrogram 1	1	248.890154720	249.676577600	154.793	436.619	m	0.6090136
238	Spectrogram 1	1	248.169388640	249.114100800	263.070	590.099	m	0.5862152
239	Spectrogram 1	1	245.704921808	246.467643040	260.479	607.863	m	0.5369328
240	Spectrogram 1	1	246.279180160	247.171084000	166.098	442.028	m	0.5125868
241	Spectrogram 1	1	245.010221649	245.574062688	269.553	503.686	m	0.5080407
242	Spectrogram 1	1	253.423937920	254.518939520	271.047	560.853	m	0.7595682
243	Spectrogram 1	1	250.972496320	251.753468000	268.738	530.680	m	0.6992552
244	Spectrogram 1	1	252.282885920	253.166064640	239.997	559.645	m	0.6805619
245	Spectrogram 1	1	251.598343018	252.294471680	162.162	395.577	m	0.3820148
246	Spectrogram 1	1	256.519625280	257.392420160	283.798	525.441	m	0.71750855
247	Spectrogram 1	1	255.662852112	256.603872064	178.291	523.343	m	0.53573465
248	Spectrogram 1	1	258.537076160	259.620575200	168.447	468.019	m	0.5128363
249	Spectrogram 1	1	257.605403233	258.834748960	358.722	486.486	m	0.308308
250	Spectrogram 1	1	255.000000000	255.413547296	172.496	434.401	w	0.26013654
251	Spectrogram 1	1	260.956710752	261.699547120	278.218	554.856	m	0.7579487
252	Spectrogram 1	1	262.061891680	262.939362720	240.869	588.378	m	0.74952793
253	Spectrogram 1	1	263.829363840	264.738531680	271.815	564.807	m	0.646032
254	Spectrogram 1	1	263.268072800	263.870565920	262.622	583.851	m	0.5453212
255	Spectrogram 1	1	260.313128016	261.152024320	173.559	460.207	m	0.40734378
256	Spectrogram 1	1	268.731035200	269.895374080	230.052	586.673	m	0.6563359
257	Spectrogram 1	1	266.690892576	267.705668480	192.776	539.983	m	0.559471
258	Spectrogram 1	1	267.745069760	268.733296800	286.585	545.504	m	0.5538409
259	Spectrogram 1	1	265.422462768	266.482053600	228.114	490.173	m	0.3231479
260	Spectrogram 1	1	273.788034720	274.565578560	189.653	485.287	m	0.6048752
261	Spectrogram 1	1	270.000000000	270.863980000	282.994	558.391	m	0.59864014
262	Spectrogram 1	1	271.776726800	272.495786880	198.751	472.474	m	0.57328045
263	Spectrogram 1	1	272.845065440	273.364647040	304.143	563.396	m	0.55987436
264	Spectrogram 1	1	274.675257600	275.195836340	194.424	483.963	m	0.46082082
265	Spectrogram 1	1	270.903622080	271.855993920	166.110	405.615	m	0.34434754
266	Spectrogram 1	1	275.186464386	275.496648624	244.080	520.885	m	0.6954795
267	Spectrogram 1	1	277.496890560	277.995316480	290.909	664.683	m	0.54592454
268	Spectrogram 1	1	279.232225600	280.002622080	223.319	497.459	m	0.524663
269	Spectrogram 1	1	276.084660400	276.826556350	273.514	560.288	m	0.52209675
270	Spectrogram 1	1	278.352319840	279.400091840	268.223	520.453	m	0.48946923
272	Spectrogram 1	1	281.139790560	282.189108800	193.209	577.394	m	0.7311926
273	Spectrogram 1	1	280.000000000	280.491178400	250.465	683.225	m	0.73045045
274	Spectrogram 1	1	283.661166400	284.805317920	204.542	748.581	m	0.5600971
275	Spectrogram 1	1	282.350543680	283.288064640	179.331	516.327	m	0.47141007
276	Spectrogram 1	1	282.761361760	283.288000480	277.107	671.583	m	0.3883054
277	Spectrogram 1	1	283.488566880	284.815494400	176.903	508.642	m	0.3824664
278	Spectrogram 1	1	285.375912800	286.305115680	185.897	508.336	m	0.5783394
279	Spectrogram 1	1	286.861296880	287.763940800	238.474	499.623	m	0.5105401
281	Spectrogram 1	1	291.207756160	292.506458560	199.190	536.682	m	0.7788984
282	Spectrogram 1	1	290.002010376	290.886202032	212.078	544.989	m	0.6076819
283	Spectrogram 1	1	294.089773440	295.005056640	239.499	557.394	m	0.540404
285	Spectrogram 1	1	293.286624000	294.973896480	166.569	450.830	m	0.2696579
286	Spectrogram 1	1	297.221256320	298.605595680	170.202	492.436	m	0.6261485
287	Spectrogram 1	1	298.949878720	299.970836000	235.009	509.074	m	0.3829923
288	Spectrogram 1	1	300.402502752	301.616965600	200.344	529.057	m	0.8169977
289	Spectrogram 1	1	303.621492800	305.175630389	200.963	520.789	m	0.72228837
290	Spectrogram 1	1	302.560737760	303.330391040	246.917	533.165	m	0.53678155
291	Spectrogram 1	1	301.886488480	302.643460160	185.355	481.163	m	0.30801988
292	Spectrogram 1	1	308.697531040	309.603787200	264.840	509.890	m	0.854944
293	Spectrogram 1	1	306.647773440	307.942050240	208.091	524.414	m	0.7885409
294	Spectrogram 1	1	305.543497808	306.525228480	147.576	508.283	m	0.76035887
297	Spectrogram 1	1	314.292504000	314.988144480	245.861	503.525	m	0.7959075
298	Spectrogram 1	1	310.001650818	310.703503296	144.888	538.131	m	0.7733209
299	Spectrogram 1	1	312.196908800	313.046386720	169.189	406.703	m	0.57705367
301	Spectrogram 1	1	311.298130400	312.438624480	238.717	513.146	m	0.37687606
302	Spectrogram 1	1	316.237728800	317.222961600	161.488	521.028	m	0.77501756
303	Spectrogram 1	1	318.350697760	319.086870560	267.643	501.184	m	0.74283385
304	Spectrogram 1	1	317.442670400	318.376941920	285.440	526.470	m	0.48959482
305	Spectrogram 1	1	321.038086880	321.875739744	178.354	512.951	m	0.7397167
306	Spectrogram 1	1	323.935345440	324.788337920	174.301	415.649	m	0.722865
307	Spectrogram 1	1	322.357887200	323.476318880	268.468	531.994	m	0.66968644
308	Spectrogram 1	1	320.030004426	320.936662352	259.451	505.729	m	0.66696614
309	Spectrogram 1	1	327.252611840	328.139530720	171.054	489.456	m	0.7763153
310	Spectrogram 1	1	326.457263200	327.292038400	174.569	516.879	m	0.7643149
311	Spectrogram 1	1	325.582127440	326.527488800	263.065	599.434	m	0.72434485
312	Spectrogram 1	1	328.779502400	329.642904000	260.376	525.886	m	0.6893646
313	Spectrogram 1	1	329.700947165	330.534890080	212.587	518.428	m	0.785691
314	Spectrogram 1	1	332.191147520	332.849951200	256.253	494.723	m	0.6737147
315	Spectrogram 1	1	332.814609920	334.012669440	218.822	499.511	m	0.6481652
316	Spectrogram 1	1	330.463910272	331.442860000	273.639	526.267	m	0.6102675
317	Spectrogram 1	1	331.084151360	331.954979040	173.489	411.184	m	0.57975763
318	Spectrogram 1	1	334.012426240	334.903479040	191.633	541.426	m	0.5448132
320	Spectrogram 1	1	337.709606880	338.555252480	161.161	430.898	m	0.7270603
321	Spectrogram 1	1	336.561319456	337.471245120	240.095	608.779	m	0.7267943
322	Spectrogram 1	1	334.948879100	335.679891518	235.872	493.857	m	0.6302579
323	Spectrogram 1	1	338.402859840	340.056594072	236.917	503.802	m	0.4548765
325	Spectrogram 1	1	340.705440432	341.678285120	233.541	579.702	m	0.7327308
326	Spectrogram 1	1	343.694003360	344.712599200	168.006	469.162	m	0.73227125
328	Spectrogram 1	1	342.652312960	343.430736800	285.769	527.070	m	0.64657795
329	Spectrogram 1	1	340.028478210	340.652032112	231.882	506.143	m	0.6109741
331	Spectrogram 1	1	341.950945184	342.825519520	307.282	509.037	m	0.26222625
332	Spectrogram 1	1	348.639479520	349.767210880	273.564	520.941	m	0.7808567
333	Spectrogram 1	1	347.003487840	348.089473120	146.943	422.274	m	0.6946305
334	Spectrogram 1	1	344.892160028	346.290053920	259.735	525.799	m	0.5058098
335	Spectrogram 1	1	346.216527040	346.911483840	227.546	540.642	m	0.46479866
337	Spectrogram 1	1	350.240411168	351.017265120	216.313	509.283	m	0.6915621
338	Spectrogram 1	1	351.535426080	352.553657920	257.815	524.803	m	0.6341852
339	Spectrogram 1	1	350.740295712	351.639249280	170.727	444.029	m	0.6244045
340	Spectrogram 1	1	352.504719520	353.550875680	280.934	512.949	m	0.5967226
341	Spectrogram 1	1	354.239011680	355.003691200	181.442	495.486	m	0.5917523
342	Spectrogram 1	1	353.439505440	354.256689920	171.846	472.810	m	0.2846692
343	Spectrogram 1	1	355.092570069	356.203832480	239.803	525.892	m	0.7583595
344	Spectrogram 1	1	358.341447680	358.922838400	253.516	509.993	m	0.75346786
345	Spectrogram 1	1	359.425011680	360.004886720	266.712	502.169	m	0.7141548
346	Spectrogram 1	1	356.847077520	358.289155840	187.177	582.805	m	0.40951526
347	Spectrogram 1	1	357.567538560	358.353248480	171.708	485.140	m	0.37910563
348	Spectrogram 1	1	360.000000000	360.494635136	218.299	531.495	m	0.63500917
349	Spectrogram 1	1	364.006765120	364.917351040	172.208	420.973	m	0.57425094
350	Spectrogram 1	1	362.312066240	363.167058400	244.077	549.014	m	0.5702037
351	Spectrogram 1	1	360.490271488	361.210961440	185.307	484.294	m	0.5591471
352	Spectrogram 1	1	361.177798880	361.879562560	152.684	496.966	m	0.26962036
353	Spectrogram 1	1	367.067519520	367.928490240	165.095	472.167	m	0.7185792
355	Spectrogram 1	1	368.293478400	369.348057600	269.749	537.924	m	0.64773685
356	Spectrogram 1	1	369.295562080	370.260952671	188.444	495.277	m	0.5972597
357	Spectrogram 1	1	365.353719728	366.550021204	302.211	507.526	m	0.472138
358	Spectrogram 1	1	365.000000000	365.364419520	291.560	592.159	m	0.32766086
359	Spectrogram 1	1	368.804590400	369.351824640	157.318	314.683	w	0.2609793
360	Spectrogram 1	1	371.051919680	372.027159920	255.191	589.619	m	0.7260525
361	Spectrogram 1	1	370.278978576	370.944148000	210.915	538.786	m	0.6532842
362	Spectrogram 1	1	374.437154240	375.330817479	269.498	536.732	m	0.64201444
363	Spectrogram 1	1	373.662967360	374.387451200	193.339	527.965	m	0.6227975
364	Spectrogram 1	1	372.838240042	373.722671360	165.969	469.799	m	0.52007276
365	Spectrogram 1	1	374.400987840	374.852362720	150.143	299.322	w	0.2923924
368	Spectrogram 1	1	378.938299040	379.671820320	225.398	627.280	m	0.66551733
369	Spectrogram 1	1	377.481405280	378.271446400	189.523	498.989	m	0.6611204
370	Spectrogram 1	1	379.192062559	379.587661600	150.861	289.926	w	0.53288025
372	Spectrogram 1	1	375.926510992	377.002708960	251.067	588.195	m	0.2664171
373	Spectrogram 1	1	383.600328160	384.576035200	249.194	588.819	m	0.66477245
374	Spectrogram 1	1	380.308541632	381.377652224	172.446	477.162	m	0.54545444
375	Spectrogram 1	1	381.283755360	382.471799840	208.057	486.645	m	0.5317646
376	Spectrogram 1	1	384.482009600	385.004093760	181.836	523.129	m	0.49047634
377	Spectrogram 1	1	383.585546880	384.008587840	146.195	315.338	w	0.48449135
378	Spectrogram 1	1	382.198847680	382.632781280	152.920	297.438	w	0.4267653
379	Spectrogram 1	1	382.779558080	383.843568800	271.651	661.494	m	0.4154136
380	Spectrogram 1	1	380.000000000	380.250076656	171.643	355.832	w	0.39007914
381	Spectrogram 1	1	385.000263214	385.457752160	186.654	564.844	m	0.733933
382	Spectrogram 1	1	389.027606880	389.973266080	194.407	504.632	m	0.667591
383	Spectrogram 1	1	388.133726560	389.172577120	170.689	411.376	m	0.5638771
384	Spectrogram 1	1	385.348001104	386.495775264	231.863	482.479	m	0.56144446
385	Spectrogram 1	1	387.392711360	388.214100160	227.459	506.337	m	0.5140604
386	Spectrogram 1	1	391.819863520	392.731396800	182.622	452.541	m	0.6285234
387	Spectrogram 1	1	392.667489280	393.572866240	242.100	615.660	m	0.5438479
388	Spectrogram 1	1	393.555958080	394.970976640	283.058	546.606	m	0.5226938
389	Spectrogram 1	1	390.531764644	390.950208000	24.570	196.560	lt	0.47016832
390	Spectrogram 1	1	390.095245240	391.186301280	306.015	573.123	m	0.43714547
391	Spectrogram 1	1	390.719756832	391.497730720	274.392	605.137	m	0.32629618
392	Spectrogram 1	1	390.016369904	390.436381680	173.920	329.334	w	0.311599
393	Spectrogram 1	1	397.525227520	398.623420000	230.414	540.649	m	0.62834996
394	Spectrogram 1	1	396.474331840	397.542011520	221.953	501.561	m	0.6033479
395	Spectrogram 1	1	395.012770142	395.943863040	161.240	439.053	m	0.599149
396	Spectrogram 1	1	398.548685600	399.506052800	187.939	664.044	m	0.59250635
397	Spectrogram 1	1	395.313487792	396.385116160	298.159	630.707	m	0.54857624
399	Spectrogram 1	1	399.475353600	399.996176000	280.339	578.684	m	0.26822248
400	Spectrogram 1	1	402.838960960	403.874201600	277.129	653.411	m	0.66180634
401	Spectrogram 1	1	400.047473024	401.044830880	275.478	525.966	m	0.65586144
402	Spectrogram 1	1	404.038481920	404.974520960	273.434	673.285	m	0.6253007
403	Spectrogram 1	1	402.125926240	403.168728480	174.589	467.056	m	0.622404
404	Spectrogram 1	1	401.403612800	401.945367200	179.608	332.629	w	0.3448094
405	Spectrogram 1	1	405.087322512	406.122668480	169.890	519.472	m	0.61605155
406	Spectrogram 1	1	408.380301280	409.459681120	166.577	476.378	m	0.54842716
407	Spectrogram 1	1	406.540646240	407.825123840	270.071	526.311	m	0.49606904
408	Spectrogram 1	1	408.648014240	409.434124480	225.259	685.675	m	0.4795677
409	Spectrogram 1	1	409.485581120	410.006260800	283.477	595.037	m	0.39329275
410	Spectrogram 1	1	406.095057600	407.010685600	207.429	487.060	m	0.26908666
411	Spectrogram 1	1	410.006184936	411.153010560	238.553	613.960	m	0.6832713
412	Spectrogram 1	1	412.373400160	413.024537920	237.124	655.503	m	0.5245462
413	Spectrogram 1	1	411.781142560	412.134837920	0.000	331.560	lt	0.4125542
414	Spectrogram 1	1	411.386759520	412.528958720	185.413	482.649	m	0.3889897
415	Spectrogram 1	1	414.152979520	414.959573280	232.730	500.122	m	0.33767954
416	Spectrogram 1	1	413.374903360	414.556902400	273.775	583.202	m	0.32104403
417	Spectrogram 1	1	412.241108800	412.974545440	195.862	498.729	m	0.26436764
418	Spectrogram 1	1	415.101980347	416.229290880	169.474	490.721	m	0.7528133
419	Spectrogram 1	1	418.129598560	418.883105440	223.213	682.178	m	0.57872075
420	Spectrogram 1	1	418.596311840	419.942926720	192.454	493.939	m	0.5419226
421	Spectrogram 1	1	416.850504640	417.235988000	21.730	502.004	lt	0.49275905
422	Spectrogram 1	1	416.872110240	417.656129920	147.718	469.764	m	0.48788017
423	Spectrogram 1	1	415.985457024	416.674652640	0.000	162.990	lt	0.37995633
424	Spectrogram 1	1	415.950278192	416.969889280	261.414	579.382	m	0.3133226
426	Spectrogram 1	1	421.996948640	423.121316800	196.763	485.199	m	0.6735875
427	Spectrogram 1	1	420.730376224	421.823904320	333.550	626.775	m	0.6381743
428	Spectrogram 1	1	423.463211840	424.816350400	292.781	617.899	m	0.5138848
429	Spectrogram 1	1	420.003189880	420.595933280	225.171	526.929	m	0.44153288
430	Spectrogram 1	1	425.700641920	426.778272160	203.948	451.928	m	0.67583084
431	Spectrogram 1	1	425.000000000	425.998659792	257.266	629.937	m	0.5823159
432	Spectrogram 1	1	428.194941440	429.192920000	255.466	596.349	m	0.5499815
433	Spectrogram 1	1	428.885143520	429.865154240	196.324	449.821	m	0.4990752
434	Spectrogram 1	1	427.350684160	428.145899840	184.286	582.657	m	0.46520054
435	Spectrogram 1	1	430.520387200	431.596872800	233.029	503.988	m	0.7692283
436	Spectrogram 1	1	432.218330560	433.374000480	192.488	477.218	m	0.6668261
437	Spectrogram 1	1	430.000000000	430.614452640	251.330	666.436	m	0.6091634
438	Spectrogram 1	1	434.216679680	435.008000000	255.035	632.591	m	0.57893157
439	Spectrogram 1	1	431.842395520	432.747324160	278.416	641.537	m	0.3525351
440	Spectrogram 1	1	438.707205760	439.620961920	180.248	482.413	m	0.6138706
441	Spectrogram 1	1	435.487181888	436.402926080	208.371	538.334	m	0.52302974
442	Spectrogram 1	1	436.150976080	437.161447520	163.617	487.002	m	0.44729653
443	Spectrogram 1	1	439.183660160	440.007973600	253.631	753.504	m	0.4191489
444	Spectrogram 1	1	437.148476000	438.226571840	274.952	615.010	m	0.3297194
445	Spectrogram 1	1	435.000000000	435.439930448	271.575	600.254	m	0.2911747
446	Spectrogram 1	1	441.786304480	442.736091520	199.494	463.908	m	0.5658208
447	Spectrogram 1	1	440.071201446	441.027342080	243.489	502.317	m	0.4992037
448	Spectrogram 1	1	443.644417920	444.696950400	190.613	512.746	m	0.49464795
449	Spectrogram 1	1	442.488440960	443.187144960	260.042	543.443	m	0.44479463
450	Spectrogram 1	1	440.010128418	440.662639520	276.831	584.170	m	0.42507237
452	Spectrogram 1	1	444.829324160	445.008000000	242.813	553.733	m	0.29610953
453	Spectrogram 1	1	448.305387200	449.495800000	190.263	541.686	m	0.5771309
454	Spectrogram 1	1	446.031725600	446.351480960	34.545	815.180	lt	0.5396967
455	Spectrogram 1	1	447.133533760	447.991322240	264.654	692.249	m	0.5341726
456	Spectrogram 1	1	445.000000000	445.972377440	197.230	494.713	m	0.5189838
457	Spectrogram 1	1	449.357025600	449.996764800	193.806	488.047	m	0.47930947
459	Spectrogram 1	1	446.246914800	446.792269280	140.159	498.222	m	0.35715273
461	Spectrogram 1	1	446.276286400	447.668268000	293.722	572.321	m	0.2732491
462	Spectrogram 1	1	453.843722880	454.592672000	262.490	576.039	m	0.70616454
463	Spectrogram 1	1	451.455370400	452.527000960	185.472	516.046	m	0.6298424
464	Spectrogram 1	1	452.605414080	453.887190400	228.521	603.490	m	0.6042083
465	Spectrogram 1	1	450.000000000	450.586169008	259.796	496.755	m	0.5297768
466	Spectrogram 1	1	450.670073856	451.456418560	282.759	597.372	m	0.39373475
467	Spectrogram 1	1	456.239319840	457.183040320	186.140	472.662	m	0.7498354
468	Spectrogram 1	1	457.855476000	458.989176320	258.198	660.050	m	0.7324717
469	Spectrogram 1	1	456.897838400	457.725712480	277.566	522.563	m	0.7158574
470	Spectrogram 1	1	458.849933760	459.270562560	1.254	278.762	lt	0.6776632
471	Spectrogram 1	1	455.058069091	456.160080320	280.845	623.416	m	0.6045886
473	Spectrogram 1	1	458.014648960	459.538182400	264.685	494.775	m	0.31569332
475	Spectrogram 1	1	463.856531200	464.874670880	179.868	504.935	m	0.8310162
476	Spectrogram 1	1	460.491188544	461.504934080	150.737	467.442	m	0.6950105
477	Spectrogram 1	1	461.184625440	462.613597440	304.593	652.287	m	0.6855378
478	Spectrogram 1	1	463.181805120	463.862862720	277.187	513.174	m	0.6339593
479	Spectrogram 1	1	459.740384372	460.529039552	267.549	675.676	m	0.5545237
480	Spectrogram 1	1	467.278878400	467.949449600	176.500	472.707	m	0.7161791
481	Spectrogram 1	1	465.273764624	466.189903520	242.694	526.996	m	0.5394785
482	Spectrogram 1	1	468.255170880	469.176993120	273.023	632.855	m	0.53308797
483	Spectrogram 1	1	466.197949440	467.296709440	285.582	608.983	m	0.42941815
484	Spectrogram 1	1	466.205618400	466.768235600	8.903	307.999	lt	0.36089218
485	Spectrogram 1	1	468.833870560	469.943133280	277.210	497.741	m	0.3544312
486	Spectrogram 1	1	472.670515680	473.625452160	178.463	490.569	m	0.82484144
487	Spectrogram 1	1	470.011822510	470.764963616	172.364	516.478	m	0.7276511
488	Spectrogram 1	1	474.300069280	474.999795840	299.265	623.291	m	0.7044297
489	Spectrogram 1	1	474.107998080	474.428990400	0.000	250.268	lt	0.46749914
490	Spectrogram 1	1	470.350508064	471.572360800	310.224	628.727	m	0.45301464
491	Spectrogram 1	1	470.693355472	472.089192000	298.278	602.169	m	0.38912764
492	Spectrogram 1	1	471.708000480	472.707913600	242.172	525.153	m	0.3087095
493	Spectrogram 1	1	479.364823200	480.395446462	186.798	489.499	m	0.78421485
494	Spectrogram 1	1	475.876705600	476.931271040	178.779	497.398	m	0.6838359
495	Spectrogram 1	1	477.943243200	479.387713920	289.272	634.903	m	0.60533077
496	Spectrogram 1	1	477.832534720	478.512820800	284.110	510.448	m	0.5965144
497	Spectrogram 1	1	478.342988519	478.605449600	0.000	194.103	lt	0.27847394
498	Spectrogram 1	1	483.622104320	484.974924800	316.358	642.705	m	0.79160243
499	Spectrogram 1	1	482.976500480	484.004015200	170.375	470.132	m	0.77832603
500	Spectrogram 1	1	481.184888960	481.916839600	264.578	644.960	m	0.6677967
502	Spectrogram 1	1	480.000000000	480.722717232	256.531	616.696	m	0.44020393
503	Spectrogram 1	1	482.192325760	483.185644000	260.625	592.772	m	0.4103645
504	Spectrogram 1	1	486.085563520	487.094376160	179.346	503.152	m	0.82734704
505	Spectrogram 1	1	487.508991520	488.812663840	286.380	633.201	m	0.76498455
506	Spectrogram 1	1	485.038645507	486.125226320	252.462	493.479	m	0.69621986
507	Spectrogram 1	1	488.587696480	489.533960000	285.479	607.563	m	0.6064318
508	Spectrogram 1	1	485.095487840	485.451181328	0.000	198.602	lt	0.5508311
509	Spectrogram 1	1	489.663335040	490.004846720	210.135	566.421	m	0.46899915
510	Spectrogram 1	1	487.353823520	487.659823040	74.286	787.051	lt	0.27357173
511	Spectrogram 1	1	493.306338880	494.249115200	170.500	495.113	m	0.7610936
512	Spectrogram 1	1	490.179030880	491.289555040	185.647	485.911	m	0.7282626
513	Spectrogram 1	1	492.797382880	493.472161600	259.596	737.848	m	0.7143839
514	Spectrogram 1	1	490.970367120	491.955319360	267.194	658.881	m	0.5092226
515	Spectrogram 1	1	494.666566400	494.998858400	289.537	633.591	m	0.4064266
516	Spectrogram 1	1	491.809034880	492.642092960	272.649	494.546	m	0.40240887
517	Spectrogram 1	1	494.178123520	494.904066880	265.729	495.114	m	0.34378308
518	Spectrogram 1	1	492.328356800	492.777505120	286.076	549.358	m	0.3396889
519	Spectrogram 1	1	497.106975040	498.142216320	188.680	520.096	m	0.8953621
520	Spectrogram 1	1	495.797389920	496.718557600	251.992	619.127	m	0.73920554
521	Spectrogram 1	1	498.481989760	499.499125440	262.452	632.628	m	0.5763823
522	Spectrogram 1	1	495.004203552	495.895485536	209.819	587.257	m	0.52032685
523	Spectrogram 1	1	499.631069280	500.008000000	171.562	600.719	m	0.44680822
525	Spectrogram 1	1	501.156923840	501.921856160	190.925	532.739	m	0.8818744
526	Spectrogram 1	1	503.112482240	503.572296640	177.545	497.310	m	0.7747753
527	Spectrogram 1	1	500.033686768	501.061280960	203.094	517.708	m	0.74225485
528	Spectrogram 1	1	504.267434080	504.867321600	215.807	548.999	m	0.48796123
529	Spectrogram 1	1	503.976916960	504.856204160	224.556	651.652	m	0.40862608
530	Spectrogram 1	1	501.970304320	503.120735840	266.792	605.408	m	0.40174764
531	Spectrogram 1	1	508.273440960	509.005103040	182.564	504.865	m	0.8422506
532	Spectrogram 1	1	505.508452400	506.174295840	189.219	531.403	m	0.7082849
533	Spectrogram 1	1	505.002190552	505.563362720	206.207	482.173	m	0.58218443
534	Spectrogram 1	1	509.455468800	510.008000000	204.743	479.523	m	0.5226398
535	Spectrogram 1	1	507.507459520	508.276221120	259.546	579.512	m	0.51549083
536	Spectrogram 1	1	505.572286240	506.562763040	256.430	653.763	m	0.2722949
537	Spectrogram 1	1	511.903760800	512.484615200	185.585	533.979	m	0.8562589
538	Spectrogram 1	1	513.023603040	513.756363840	287.448	505.453	m	0.70778674
539	Spectrogram 1	1	514.316784000	515.008000000	292.628	602.730	m	0.6970711
540	Spectrogram 1	1	510.218539728	510.704289360	207.074	541.799	m	0.5878657
541	Spectrogram 1	1	511.097228320	511.906657440	281.172	585.468	m	0.55211645
542	Spectrogram 1	1	510.000000000	510.306246672	225.242	498.546	m	0.5403332
543	Spectrogram 1	1	519.407240800	520.000462400	260.520	628.751	m	0.86516356
544	Spectrogram 1	1	517.526243200	518.273235360	274.936	514.529	m	0.7336668
545	Spectrogram 1	1	515.450299440	516.617136800	284.118	633.087	m	0.7237517
546	Spectrogram 1	1	515.565312960	515.992017824	11.853	351.643	lt	0.5766044
547	Spectrogram 1	1	515.000000000	515.390072544	309.473	648.748	m	0.52524686
548	Spectrogram 1	1	515.054471558	515.343477472	17.295	287.142	lt	0.47449088
549	Spectrogram 1	1	520.885233888	521.458022400	195.199	565.421	m	0.8472703
550	Spectrogram 1	1	522.977333920	524.010253920	301.562	653.744	m	0.8452041
551	Spectrogram 1	1	524.477041920	525.001737280	179.119	596.751	m	0.6335755
552	Spectrogram 1	1	520.000000000	520.620157120	294.210	584.325	m	0.4518756
553	Spectrogram 1	1	528.636029280	529.412868160	156.821	494.072	m	0.79297256
554	Spectrogram 1	1	525.001936066	525.329586480	181.939	516.695	m	0.7459724
555	Spectrogram 1	1	527.447844160	528.641792480	199.812	517.094	m	0.64802647
556	Spectrogram 1	1	525.087529510	525.955790032	250.952	512.617	m	0.4269069
557	Spectrogram 1	1	527.337476640	528.053718720	0.902	138.448	lt	0.41294274
558	Spectrogram 1	1	529.389488000	529.985486880	242.590	545.545	m	0.33193162
559	Spectrogram 1	1	526.613782240	526.885731440	1.097	296.579	lt	0.30645874
560	Spectrogram 1	1	532.773820800	533.533044000	158.921	506.299	m	0.8442448
561	Spectrogram 1	1	530.004874146	530.303992608	266.075	609.675	m	0.6575584
562	Spectrogram 1	1	531.453988960	532.224624320	202.904	492.016	m	0.57420594
563	Spectrogram 1	1	534.229973600	534.710400320	205.712	624.038	m	0.5521905
564	Spectrogram 1	1	531.053312256	531.498278560	137.069	331.824	w	0.44891673
565	Spectrogram 1	1	533.762307200	534.269404800	241.041	499.418	m	0.35507563
566	Spectrogram 1	1	536.236696320	537.244093920	173.409	493.095	m	0.8275036
567	Spectrogram 1	1	538.776302720	539.840575200	206.969	613.889	m	0.6041155
568	Spectrogram 1	1	535.029865478	536.144580800	249.895	610.874	m	0.55210066
569	Spectrogram 1	1	536.882806400	537.768996320	279.368	637.004	m	0.48309115
570	Spectrogram 1	1	538.146660640	538.876955520	259.589	501.254	m	0.31717226
572	Spectrogram 1	1	543.154426240	543.861654720	179.504	514.571	m	0.81610376
573	Spectrogram 1	1	540.994936528	541.667634240	219.536	669.325	m	0.67813736
574	Spectrogram 1	1	540.452177376	541.263506880	173.989	511.499	m	0.6174843
578	Spectrogram 1	1	543.322619200	544.268056640	266.521	642.667	m	0.39468503
579	Spectrogram 1	1	541.888755520	543.167704640	194.864	447.114	m	0.34269077
581	Spectrogram 1	1	548.861789760	549.627635680	173.323	526.076	m	0.90482926
582	Spectrogram 1	1	545.757799248	546.612934560	173.759	529.645	m	0.8413258
583	Spectrogram 1	1	547.674128960	548.579319360	256.423	495.619	m	0.6932319
584	Spectrogram 1	1	545.000000000	545.613956160	262.754	609.593	m	0.6141407
585	Spectrogram 1	1	546.819889600	547.722655840	188.664	449.072	m	0.52325475
586	Spectrogram 1	1	551.759965600	552.613574880	164.212	526.517	m	0.8811613
587	Spectrogram 1	1	554.773923840	555.008000000	200.169	533.685	m	0.8336511
588	Spectrogram 1	1	550.237159296	551.284738640	158.021	489.857	m	0.6154762
589	Spectrogram 1	1	553.226989760	554.623460800	191.149	478.273	m	0.512443
590	Spectrogram 1	1	552.665344160	553.130733920	148.934	325.385	w	0.35075578
591	Spectrogram 1	1	557.322810560	558.404429120	168.475	522.476	m	0.88892704
592	Spectrogram 1	1	555.000000000	555.474733152	182.487	536.176	m	0.8291148
593	Spectrogram 1	1	558.630806720	559.430567360	245.307	491.335	m	0.75523686
594	Spectrogram 1	1	556.451280000	557.325336160	180.993	532.159	m	0.6042142
595	Spectrogram 1	1	555.438483360	556.228580320	256.861	501.551	m	0.5874047
596	Spectrogram 1	1	560.736099360	561.590166240	176.017	536.194	m	0.8473789
597	Spectrogram 1	1	563.001175840	564.395592800	169.258	519.331	m	0.6985717
598	Spectrogram 1	1	559.632057052	560.748222240	259.048	496.339	m	0.5234125
599	Spectrogram 1	1	561.587380320	562.337907200	280.704	502.910	m	0.4872505
601	Spectrogram 1	1	561.669697504	562.286663840	156.222	392.568	w	0.32574296
602	Spectrogram 1	1	563.001920480	563.872483840	243.217	572.314	m	0.29402983
603	Spectrogram 1	1	566.947558880	567.990907520	182.347	529.473	m	0.7568988
604	Spectrogram 1	1	564.889360942	565.928987200	240.949	513.797	m	0.6494816
605	Spectrogram 1	1	569.147884320	569.991062080	219.430	467.022	m	0.582157
606	Spectrogram 1	1	568.092579520	568.916640640	267.393	503.552	m	0.5741369
607	Spectrogram 1	1	567.502149120	568.109317600	256.183	678.695	m	0.5502232
608	Spectrogram 1	1	566.183313760	566.937003904	158.834	339.801	w	0.42590043
609	Spectrogram 1	1	566.128839840	566.939323040	286.005	500.351	m	0.31390336
611	Spectrogram 1	1	572.990408160	573.853976640	148.700	543.873	m	0.7678388
612	Spectrogram 1	1	570.313165760	571.242476800	169.743	535.899	m	0.75642437
613	Spectrogram 1	1	574.754637760	575.006647520	230.635	502.424	m	0.65409034
614	Spectrogram 1	1	571.605704320	572.284540960	230.970	654.715	m	0.64023554
615	Spectrogram 1	1	574.139113600	574.613431200	157.901	339.810	w	0.47931045
616	Spectrogram 1	1	570.000000000	570.299332160	266.348	508.326	m	0.26638597
617	Spectrogram 1	1	577.128508800	578.169255840	172.134	534.099	m	0.85918903
618	Spectrogram 1	1	575.000000000	575.470372864	219.535	499.855	m	0.7089579
619	Spectrogram 1	1	578.976136640	579.714615200	301.321	500.294	m	0.5509146
620	Spectrogram 1	1	575.329435296	576.299504800	186.581	451.411	m	0.54350173
622	Spectrogram 1	1	583.887941440	584.799748800	193.655	572.940	m	0.81740636
623	Spectrogram 1	1	582.380445600	583.299874720	228.667	500.057	m	0.8131787
624	Spectrogram 1	1	580.008287659	580.876844848	168.913	544.757	m	0.7815886
625	Spectrogram 1	1	582.418925280	582.823851040	153.511	296.947	w	0.47974697
626	Spectrogram 1	1	584.799412160	585.008000000	216.143	742.511	m	0.3919538
627	Spectrogram 1	1	580.840557488	581.767574400	366.288	622.636	m	0.3777211
628	Spectrogram 1	1	580.924049672	581.815449216	151.405	330.768	w	0.2940632
629	Spectrogram 1	1	586.854663840	587.261329280	186.552	582.242	m	0.8177953
630	Spectrogram 1	1	589.489123200	590.007712000	172.266	595.011	m	0.8142684
631	Spectrogram 1	1	585.000000000	585.216761440	211.041	755.887	m	0.76574326
632	Spectrogram 1	1	588.639705120	589.332968320	227.266	502.521	m	0.7096739
633	Spectrogram 1	1	585.238389888	586.544521280	297.766	511.865	m	0.5160394
634	Spectrogram 1	1	585.299753536	585.853146608	31.326	298.803	lt	0.42523485
635	Spectrogram 1	1	587.173144480	587.544172800	162.652	342.273	w	0.2833265
636	Spectrogram 1	1	592.430407680	593.486469280	277.692	579.729	m	0.8093519
637	Spectrogram 1	1	590.000000000	590.504612800	203.276	584.684	m	0.74442345
638	Spectrogram 1	1	591.587095200	592.294640800	247.264	504.975	m	0.74336475
639	Spectrogram 1	1	591.004725600	591.542545440	271.678	514.047	m	0.7047332
640	Spectrogram 1	1	594.029110400	594.936043200	201.868	512.974	m	0.69035953
641	Spectrogram 1	1	594.447202080	594.970528320	218.481	742.991	m	0.40973136
642	Spectrogram 1	1	595.335002960	596.326417440	267.333	569.328	m	0.78057534
643	Spectrogram 1	1	598.137048800	599.151647520	188.441	732.539	m	0.76886547
644	Spectrogram 1	1	596.629994080	597.480024480	229.014	503.816	m	0.6709408
645	Spectrogram 1	1	597.415601120	598.117776800	252.014	497.358	m	0.6685507
646	Spectrogram 1	1	599.607901440	599.991870080	292.788	505.827	m	0.4329056
647	Spectrogram 1	1	599.154149920	599.707098080	115.650	370.703	m	0.38777184
648	Spectrogram 1	1	595.000000000	595.596277952	194.984	658.834	m	0.36877924
650	Spectrogram 1	1	599.773996160	600.220178421	155.430	351.229	w	0.27866855
651	Spectrogram 1	1	601.167411360	602.132231680	280.630	636.649	m	0.8986904
652	Spectrogram 1	1	604.146126880	605.003882880	258.999	624.022	m	0.7801878
653	Spectrogram 1	1	602.125795360	602.895600000	239.216	499.430	m	0.7317327
654	Spectrogram 1	1	600.000000000	600.390857360	292.764	512.949	m	0.39664295
655	Spectrogram 1	1	606.818478560	607.780783680	277.560	645.200	m	0.8500288
656	Spectrogram 1	1	605.262983392	606.324431360	162.651	499.332	m	0.73612285
657	Spectrogram 1	1	608.027959520	609.048013120	236.434	495.911	m	0.6720249
658	Spectrogram 1	1	609.548123200	610.007648480	218.894	522.027	m	0.37505844
659	Spectrogram 1	1	613.958887200	614.993418400	283.722	643.280	m	0.9103892
660	Spectrogram 1	1	610.492129520	611.429843200	270.032	635.793	m	0.8617511
661	Spectrogram 1	1	612.734112800	613.439339360	35.353	255.528	lt	0.6047464
662	Spectrogram 1	1	611.361470720	611.913844000	254.436	488.343	m	0.556409
664	Spectrogram 1	1	611.898931680	612.335051680	256.122	498.212	m	0.268894
665	Spectrogram 1	1	617.489739200	618.794506880	275.168	614.259	m	0.7842367
666	Spectrogram 1	1	615.075020294	615.983641360	270.995	506.575	m	0.6506273
667	Spectrogram 1	1	615.618030768	616.571084224	118.035	391.185	m	0.42059845
668	Spectrogram 1	1	618.890045120	619.969607360	164.502	466.637	m	0.39900628
669	Spectrogram 1	1	615.042848448	615.457102352	144.800	298.425	w	0.30018613
670	Spectrogram 1	1	620.338109376	621.482620000	291.988	642.665	m	0.8667398
671	Spectrogram 1	1	623.184723680	624.271344000	284.148	651.563	m	0.8029943
672	Spectrogram 1	1	624.250130880	624.994396480	314.544	594.423	m	0.56101376
673	Spectrogram 1	1	629.341911200	630.002694400	261.033	645.977	m	0.75873923
674	Spectrogram 1	1	626.004374240	627.109526560	272.750	615.278	m	0.7048836
675	Spectrogram 1	1	627.594585440	628.506188960	252.497	493.827	m	0.6261762
676	Spectrogram 1	1	628.479909600	629.427986880	261.996	561.760	m	0.6198371
677	Spectrogram 1	1	628.275111840	628.598241280	149.510	289.680	w	0.34333926
678	Spectrogram 1	1	625.313825984	625.720888368	159.244	308.741	w	0.3181488
681	Spectrogram 1	1	633.069960960	634.109600640	297.473	643.183	m	0.8506374
682	Spectrogram 1	1	630.004689880	630.516912720	272.976	634.163	m	0.77365506
683	Spectrogram 1	1	632.179541920	632.911881760	237.921	525.401	m	0.7298432
684	Spectrogram 1	1	631.108182080	631.942751200	166.867	467.254	m	0.5595218
685	Spectrogram 1	1	636.545323120	637.560747040	280.060	615.518	m	0.7735042
686	Spectrogram 1	1	639.185776320	640.003292800	268.121	612.162	m	0.70101994
687	Spectrogram 1	1	638.045455040	638.922404320	252.150	524.283	m	0.6563387
688	Spectrogram 1	1	635.000000000	635.550896240	0.000	267.813	lt	0.5485268
689	Spectrogram 1	1	635.004731567	635.475074944	253.137	554.267	m	0.5436246
690	Spectrogram 1	1	635.449066880	636.624943600	274.491	506.668	m	0.51856905
691	Spectrogram 1	1	640.003996124	640.389812928	271.983	641.302	m	0.8268873
692	Spectrogram 1	1	642.489141120	643.514958080	288.585	585.181	m	0.7531198
693	Spectrogram 1	1	640.787542240	642.106708960	212.866	487.658	m	0.5862437
694	Spectrogram 1	1	640.721093760	641.301486560	60.493	364.367	lt	0.570003
695	Spectrogram 1	1	640.359073856	640.824786240	178.901	482.190	m	0.53957254
696	Spectrogram 1	1	644.276864320	644.994195200	265.081	468.442	m	0.31686118
697	Spectrogram 1	1	643.473045440	644.202604000	225.030	476.808	m	0.30512065
698	Spectrogram 1	1	648.495394560	649.766969600	285.152	609.109	m	0.8596245
699	Spectrogram 1	1	645.186768432	646.179203200	289.101	635.089	m	0.7572784
700	Spectrogram 1	1	646.855460960	648.172038560	201.969	560.745	m	0.5290315
701	Spectrogram 1	1	646.354505120	646.797793216	165.730	312.623	w	0.38634259
702	Spectrogram 1	1	649.803199200	650.008000000	186.504	506.566	m	0.38154593
703	Spectrogram 1	1	645.007219055	645.271496160	178.159	512.316	m	0.28479564
704	Spectrogram 1	1	651.520922720	652.480018560	285.141	653.427	m	0.87328947
705	Spectrogram 1	1	654.290513600	655.003841600	280.060	627.461	m	0.74516135
706	Spectrogram 1	1	652.852607360	653.407453120	0.077	294.270	lt	0.70359844
707	Spectrogram 1	1	650.015898071	650.703219728	178.273	515.344	m	0.65142155
708	Spectrogram 1	1	650.914278320	651.399850560	171.303	318.912	w	0.5636806
709	Spectrogram 1	1	653.342278400	654.296234880	223.847	533.479	m	0.5302781
710	Spectrogram 1	1	652.408791680	653.148322080	265.543	491.820	m	0.28598714
711	Spectrogram 1	1	657.407496640	658.524164480	290.754	628.081	m	0.84494406
712	Spectrogram 1	1	655.000000000	655.515714080	280.220	637.426	m	0.78129685
713	Spectrogram 1	1	658.589910720	659.494937920	281.019	501.625	m	0.6877316
714	Spectrogram 1	1	655.834512960	657.153059520	283.340	535.425	m	0.5063931
715	Spectrogram 1	1	658.098830366	658.554292800	18.159	287.469	lt	0.42598045
716	Spectrogram 1	1	659.426469760	659.999221600	266.504	547.234	m	0.39304918
717	Spectrogram 1	1	664.166696800	665.001985600	273.324	645.360	m	0.70659554
718	Spectrogram 1	1	660.332043696	661.579899200	284.364	561.596	m	0.63838196
719	Spectrogram 1	1	660.006919922	660.395262448	277.314	588.010	m	0.28142914
720	Spectrogram 1	1	662.947822720	663.454807200	190.835	350.230	w	0.26369947
721	Spectrogram 1	1	667.662985120	668.592959680	276.212	594.771	m	0.7912672
722	Spectrogram 1	1	665.719203040	666.360617184	36.930	350.388	lt	0.77926576
723	Spectrogram 1	1	666.694564960	667.674782720	277.547	470.599	m	0.50312775
725	Spectrogram 1	1	669.352862400	669.990001920	282.907	582.343	m	0.37297133
726	Spectrogram 1	1	665.211781162	666.394004640	300.092	538.084	m	0.29013065
727	Spectrogram 1	1	670.660109856	671.821472416	287.322	619.927	m	0.903351
728	Spectrogram 1	1	673.975906240	674.982728480	283.817	587.614	m	0.76244545
729	Spectrogram 1	1	671.761488800	672.349767520	9.547	328.859	lt	0.65971464
730	Spectrogram 1	1	673.161118720	674.012199680	323.997	586.705	m	0.6372989
731	Spectrogram 1	1	670.000000000	670.623398320	294.681	557.559	m	0.6234602
732	Spectrogram 1	1	672.151388480	673.176810720	196.664	491.253	m	0.6053906
733	Spectrogram 1	1	677.040208000	678.028371520	284.772	605.262	m	0.7648813
734	Spectrogram 1	1	675.990831520	676.830996096	283.959	527.143	m	0.761939
735	Spectrogram 1	1	678.977664000	679.959172800	278.445	632.012	m	0.74889827
736	Spectrogram 1	1	677.834743680	678.458703680	21.541	380.681	lt	0.59424776
737	Spectrogram 1	1	675.000000000	675.496474304	275.931	619.199	m	0.5438342
738	Spectrogram 1	1	677.973708000	679.073326240	324.324	602.597	m	0.34481028
740	Spectrogram 1	1	680.088623904	681.290115200	288.012	640.363	m	0.83816713
741	Spectrogram 1	1	683.531148480	684.648000000	289.891	595.881	m	0.7984307
742	Spectrogram 1	1	684.716807200	685.000104960	280.237	642.021	m	0.7184918
743	Spectrogram 1	1	682.262246080	683.165969760	297.458	499.821	m	0.70606637
744	Spectrogram 1	1	681.720622240	682.279952160	219.051	399.140	w	0.27480006
745	Spectrogram 1	1	687.669079040	688.533113280	289.973	625.738	m	0.7180447
746	Spectrogram 1	1	685.262922336	685.980803200	28.538	423.802	lt	0.6844923
747	Spectrogram 1	1	685.000000000	685.991815680	282.280	573.058	m	0.5119852
748	Spectrogram 1	1	689.396196320	690.008000000	178.779	485.885	m	0.49249035
749	Spectrogram 1	1	688.527043520	689.472285600	351.313	624.097	m	0.41424718
750	Spectrogram 1	1	693.883400640	694.970966720	286.367	652.761	m	0.88860875
751	Spectrogram 1	1	690.832475888	692.001169680	281.410	635.873	m	0.855721
752	Spectrogram 1	1	690.000000000	690.883774400	208.518	558.428	m	0.7061075
753	Spectrogram 1	1	692.525326240	693.707310560	280.204	636.842	m	0.58326197
754	Spectrogram 1	1	693.382007840	693.983772480	14.909	346.548	lt	0.38249055
755	Spectrogram 1	1	697.494955840	698.509822080	281.947	641.323	m	0.85949004
756	Spectrogram 1	1	695.000000000	695.960111568	283.484	619.580	m	0.7897731
757	Spectrogram 1	1	698.967960640	699.977445280	271.979	541.300	m	0.7658833
758	Spectrogram 1	1	696.092337920	697.104833600	277.982	485.908	m	0.5494756
759	Spectrogram 1	1	700.831358640	701.933020800	290.881	661.540	m	0.9052505
760	Spectrogram 1	1	703.925902560	704.991800800	285.522	644.988	m	0.88373
762	Spectrogram 1	1	701.880364256	702.709403840	270.103	614.790	m	0.42725438
763	Spectrogram 1	1	700.000000000	700.814385309	274.339	573.088	m	0.3414802
764	Spectrogram 1	1	706.897188480	707.943232960	289.095	665.642	m	0.92741984
765	Spectrogram 1	1	708.714505920	710.120373360	285.032	627.820	m	0.76593
766	Spectrogram 1	1	706.006447868	706.912334240	206.585	501.229	m	0.42956173
767	Spectrogram 1	1	709.839214738	710.354672212	44.226	314.496	lt	0.39246848
768	Spectrogram 1	1	704.919301195	705.912915648	164.619	435.452	m	0.37273175
769	Spectrogram 1	1	710.269404544	711.438089600	296.137	649.943	m	0.89499676
770	Spectrogram 1	1	713.910520480	714.991326400	290.328	659.073	m	0.85847723
771	Spectrogram 1	1	712.909133760	713.635465760	269.567	533.707	m	0.73135024
772	Spectrogram 1	1	711.380222400	712.381380640	249.427	499.101	m	0.44601512
774	Spectrogram 1	1	717.095660640	718.195065920	290.593	664.792	m	0.8917036
775	Spectrogram 1	1	719.407324160	719.998679680	279.462	587.150	m	0.5819097
776	Spectrogram 1	1	716.102845440	716.652948000	264.639	514.302	m	0.5775927
777	Spectrogram 1	1	718.151775656	718.757783520	23.410	366.093	lt	0.5721334
778	Spectrogram 1	1	719.548786080	719.993647520	133.978	299.900	w	0.52128696
779	Spectrogram 1	1	715.003605286	715.254293616	286.194	616.600	m	0.4188753
780	Spectrogram 1	1	721.397405280	722.183034400	270.420	660.192	m	0.8563179
781	Spectrogram 1	1	723.717800800	724.690208000	170.554	439.048	m	0.69680786
782	Spectrogram 1	1	723.202615680	723.711733440	88.305	442.216	lt	0.5342305
783	Spectrogram 1	1	720.003882568	720.468426144	204.079	537.425	m	0.45650396
784	Spectrogram 1	1	722.559352000	723.096267200	163.220	392.616	m	0.3481061
785	Spectrogram 1	1	720.335440956	721.083126240	187.854	429.975	m	0.30294672
786	Spectrogram 1	1	727.897861280	728.606942400	59.940	324.324	lt	0.7408671
787	Spectrogram 1	1	726.380922000	727.699649440	191.872	561.204	m	0.6528162
788	Spectrogram 1	1	726.206012160	726.459539040	225.254	666.688	m	0.5568404
789	Spectrogram 1	1	729.172261280	730.008000000	257.954	588.323	m	0.5479744
790	Spectrogram 1	1	724.842988519	726.000842880	308.027	626.536	m	0.48691526
793	Spectrogram 1	1	734.164564800	734.514214400	235.948	655.727	m	0.63878113
794	Spectrogram 1	1	732.107664960	733.328768480	270.270	520.220	m	0.5368723
795	Spectrogram 1	1	734.464451200	735.001685600	177.067	516.975	m	0.38204587
796	Spectrogram 1	1	730.013360458	730.475274544	186.301	507.344	m	0.3663803
798	Spectrogram 1	1	730.725126464	731.684514995	282.555	576.246	m	0.31587106
799	Spectrogram 1	1	732.044508800	732.498490240	149.374	313.771	w	0.3135786
800	Spectrogram 1	1	733.625618720	734.056681120	159.172	322.877	w	0.28632963
802	Spectrogram 1	1	735.000000000	735.805532960	66.054	509.277	lt	0.68386173
804	Spectrogram 1	1	735.000000000	735.657794928	328.777	629.701	m	0.29624522
805	Spectrogram 1	1	736.407617502	737.537810080	341.523	527.231	m	0.28356436
806	Spectrogram 1	1	740.280810784	741.040661440	283.957	664.137	m	0.8796131
807	Spectrogram 1	1	743.444791520	744.185993600	265.243	671.872	m	0.8703811
808	Spectrogram 1	1	741.655549438	742.243527840	55.028	339.066	lt	0.6955623
809	Spectrogram 1	1	744.178708800	744.767038191	214.691	469.287	m	0.5232129
810	Spectrogram 1	1	743.002706080	743.468806720	196.948	348.392	w	0.37437505
812	Spectrogram 1	1	746.312315680	747.469901600	223.587	664.369	m	0.9404614
813	Spectrogram 1	1	749.436325120	750.003282240	248.241	668.669	m	0.875895
814	Spectrogram 1	1	747.510738720	748.197798400	61.984	314.496	lt	0.78093016
815	Spectrogram 1	1	748.397745600	749.424244160	289.887	624.810	m	0.6771833
816	Spectrogram 1	1	745.000000000	745.729148560	319.410	562.665	m	0.57596076
817	Spectrogram 1	1	750.000000000	750.407205072	233.096	674.705	m	0.87254435
818	Spectrogram 1	1	752.736340640	753.597501280	270.263	648.443	m	0.8481182
819	Spectrogram 1	1	753.573083040	754.569625920	273.397	518.065	m	0.6511582
820	Spectrogram 1	1	752.104915886	752.595164000	69.069	282.555	lt	0.5045508
821	Spectrogram 1	1	755.611531008	756.487727040	243.151	622.862	m	0.82912576
822	Spectrogram 1	1	759.448993120	759.988782400	259.782	583.270	m	0.61627346
823	Spectrogram 1	1	757.668057120	758.390668480	29.307	396.014	lt	0.5013876
824	Spectrogram 1	1	755.003289307	755.593806880	296.099	604.497	m	0.48007733
826	Spectrogram 1	1	757.223690370	758.451808640	321.667	469.287	m	0.29106942
827	Spectrogram 1	1	760.309690192	761.567801440	184.275	611.194	m	0.8427391
828	Spectrogram 1	1	763.769195200	765.123885309	309.582	598.269	m	0.7191982
829	Spectrogram 1	1	763.288159200	763.952391050	63.764	299.400	lt	0.65780467
830	Spectrogram 1	1	761.984280694	763.240325120	341.523	530.713	m	0.65235865
831	Spectrogram 1	1	760.000000000	760.337531008	224.943	634.920	m	0.33512303
832	Spectrogram 1	1	768.071299840	769.474271040	254.460	626.901	m	0.78695405
833	Spectrogram 1	1	766.220403936	767.355486080	270.270	565.966	m	0.53294957
835	Spectrogram 1	1	768.035125440	768.450456480	160.332	313.946	w	0.26371512
836	Spectrogram 1	1	774.344082080	775.004441600	155.018	555.947	m	0.73466605
837	Spectrogram 1	1	771.108667200	771.843876160	54.508	397.076	lt	0.695826
838	Spectrogram 1	1	773.703408640	774.398259200	282.671	629.437	m	0.66262275
839	Spectrogram 1	1	770.223034176	771.652073760	266.334	575.449	m	0.6178167
840	Spectrogram 1	1	772.299491680	773.122710400	177.834	456.928	m	0.54114866
841	Spectrogram 1	1	777.556155840	778.115500480	182.821	555.240	m	0.81918347
842	Spectrogram 1	1	778.941834240	779.981187520	290.071	608.800	m	0.7635995
843	Spectrogram 1	1	775.065516880	775.960835456	216.103	527.277	m	0.6412993
844	Spectrogram 1	1	775.000000000	775.223688352	227.898	568.214	m	0.39386007
845	Spectrogram 1	1	778.304642560	779.208305120	171.291	486.836	m	0.34397975
846	Spectrogram 1	1	783.726664320	784.663960960	192.303	576.796	m	0.7705321
847	Spectrogram 1	1	780.621736080	781.491564480	217.856	591.530	m	0.7691127
848	Spectrogram 1	1	780.010764526	780.347372432	288.239	519.012	m	0.36507207
849	Spectrogram 1	1	779.752780928	780.381643920	149.877	278.053	w	0.33167517
850	Spectrogram 1	1	787.970650880	788.985261760	256.326	608.675	m	0.8596471
851	Spectrogram 1	1	786.771239680	787.347320800	32.166	342.445	lt	0.7070777
852	Spectrogram 1	1	788.938731680	789.941483200	285.439	587.621	m	0.5781537
854	Spectrogram 1	1	785.552705808	786.407131104	183.807	524.819	m	0.42070454
855	Spectrogram 1	1	785.001636597	785.826153120	279.378	589.662	m	0.29977018
857	Spectrogram 1	1	794.061965760	794.800588800	182.535	600.203	m	0.8151269
858	Spectrogram 1	1	790.986211200	791.966592480	229.961	605.469	m	0.8114478
859	Spectrogram 1	1	790.239794560	791.066966400	263.330	602.430	m	0.67977715
860	Spectrogram 1	1	792.698853440	793.338127520	92.618	421.582	lt	0.5358561
861	Spectrogram 1	1	789.902244845	790.228619808	208.176	426.907	w	0.38254437
862	Spectrogram 1	1	796.760437920	797.652736800	180.178	582.044	m	0.8122766
863	Spectrogram 1	1	798.909828160	800.007376000	252.201	605.617	m	0.5797548
864	Spectrogram 1	1	796.049139840	796.733587200	178.830	417.677	m	0.5411953
865	Spectrogram 1	1	795.083538208	796.159203520	261.400	517.611	m	0.47664842
866	Spectrogram 1	1	798.814610825	799.463684800	50.188	302.211	lt	0.43666852
867	Spectrogram 1	1	800.161825312	800.918868640	174.226	580.303	m	0.83801585
868	Spectrogram 1	1	802.697471200	803.310018080	156.615	586.199	m	0.77663463
869	Spectrogram 1	1	804.671784000	805.121573571	0.000	299.754	lt	0.66290903
871	Spectrogram 1	1	801.173207520	802.069321600	180.120	448.366	m	0.45998544
872	Spectrogram 1	1	803.672719040	805.093820056	300.041	479.115	m	0.35510263
873	Spectrogram 1	1	806.872032720	807.612894560	257.985	595.437	m	0.7848877
874	Spectrogram 1	1	809.645282240	810.003817600	192.257	584.836	m	0.74589527
875	Spectrogram 1	1	805.121573571	805.459168272	69.338	329.238	lt	0.60139906
876	Spectrogram 1	1	808.130628000	809.086092800	312.186	654.557	m	0.5858228
877	Spectrogram 1	1	805.946305530	806.859651120	278.890	491.400	m	0.5807854
879	Spectrogram 1	1	807.565658720	808.141099200	197.308	423.577	m	0.29234034
880	Spectrogram 1	1	805.715770752	806.238833984	166.415	330.037	w	0.27053234
881	Spectrogram 1	1	810.000000000	810.608955328	219.744	613.683	m	0.7732509
882	Spectrogram 1	1	812.571234560	813.407984640	225.894	593.834	m	0.72266185
883	Spectrogram 1	1	814.326949280	815.220178421	244.146	458.754	m	0.36525765
884	Spectrogram 1	1	813.933948960	814.308263680	177.624	377.877	w	0.29557174
885	Spectrogram 1	1	811.480612320	812.320832480	194.618	469.625	m	0.2692117
887	Spectrogram 1	1	815.894021856	816.540677120	216.308	642.318	m	0.83236575
888	Spectrogram 1	1	819.119252000	819.994734400	203.898	596.678	m	0.784007
889	Spectrogram 1	1	817.544423032	818.081735520	32.516	329.238	lt	0.7084914
891	Spectrogram 1	1	4.236123243	4.798440487	272.727	511.057	w	
892	Spectrogram 1	1	5.988678655	6.372928772	289.926	479.115	w	
893	Spectrogram 1	1	7.356983950	7.769349930	240.786	388.206	w	
894	Spectrogram 1	1	9.015819822	9.381326031	375.921	518.428	w	
895	Spectrogram 1	1	10.655549438	11.011683693	255.528	542.998	w	
897	Spectrogram 1	1	11.395933810	12.258153585	49.140	319.410	lt	
898	Spectrogram 1	1	13.335928304	13.588971064	238.329	390.663	w	
899	Spectrogram 1	1	14.488678655	15.069739808	292.383	420.147	w	
900	Spectrogram 1	1	18.865018861	19.268012887	253.071	385.749	w	
901	Spectrogram 1	1	23.251093369	23.719691073	265.356	474.201	w	
902	Spectrogram 1	1	30.251580717	30.635830834	245.700	439.803	w	
903	Spectrogram 1	1	38.732836809	39.004623477	46.683	282.555	lt	
904	Spectrogram 1	1	46.080086457	46.408104850	260.442	439.803	w	
905	Spectrogram 1	1	47.485879569	47.795154053	245.700	385.749	w	
908	Spectrogram 1	1	49.622685098	50.044423032	238.329	393.120	w	
909	Spectrogram 1	1	55.864044166	56.360757732	277.641	513.514	w	
910	Spectrogram 1	1	58.235148547	58.966160965	304.668	486.486	w	
911	Spectrogram 1	1	56.707520033	57.222977507	270.270	425.061	w	
913	Spectrogram 1	1	66.669544869	67.166258435	260.442	420.147	w	
914	Spectrogram 1	1	68.843838215	69.321807873	253.071	466.830	w	
915	Spectrogram 1	1	70.745982545	71.120860708	235.872	346.437	w	
920	Spectrogram 1	1	90.407617502	90.923074977	245.700	395.577	w	
922	Spectrogram 1	1	94.146664831	94.418451500	46.683	680.590	lt	
923	Spectrogram 1	1	99.001337043	99.554282334	228.501	343.980	w	
924	Spectrogram 1	1	99.947904405	100.369642338	221.130	449.631	w	
925	Spectrogram 1	1	100.435246017	100.735148547	292.383	427.518	w	
926	Spectrogram 1	1	106.479794049	106.760952671	299.754	481.572	w	
927	Spectrogram 1	1	107.848099344	108.166745783	336.609	508.600	w	
930	Spectrogram 1	1	111.250118674	111.559393158	240.786	496.314	w	
931	Spectrogram 1	1	117.866355904	118.016307170	66.339	542.998	lt	
933	Spectrogram 1	1	132.457763707	132.982593135	191.646	356.265	w	
935	Spectrogram 1	1	135.803551312	136.178429475	223.587	498.771	w	
936	Spectrogram 1	1	141.079599110	141.332641870	221.130	385.749	w	
937	Spectrogram 1	1	144.940844189	145.343838215	56.511	267.813	lt	
939	Spectrogram 1	1	142.485392221	143.516307170	56.511	174.447	lt	
940	Spectrogram 1	1	143.919301195	144.434758669	199.017	348.894	w	
941	Spectrogram 1	1	148.754867151	149.204720947	230.958	410.319	w	
942	Spectrogram 1	1	150.929160497	151.350898430	287.469	506.143	w	
943	Spectrogram 1	1	155.155549438	155.492939784	51.597	230.958	lt	
944	Spectrogram 1	1	156.692549906	156.908104850	203.931	417.690	w	
945	Spectrogram 1	1	157.854672212	158.407617502	157.248	319.410	m	
946	Spectrogram 1	1	157.639117268	157.864044166	194.103	393.120	w	
947	Spectrogram 1	1	158.941818885	159.485392221	189.189	265.356	w	
948	Spectrogram 1	1	160.356983950	160.591282802	257.985	528.256	w	
950	Spectrogram 1	1	161.369154991	161.893984419	297.297	400.491	w	
952	Spectrogram 1	1	162.409079545	162.783957709	221.130	429.975	w	
953	Spectrogram 1	1	164.367817948	164.817671743	51.597	228.501	lt	
954	Spectrogram 1	1	167.498050609	167.713605553	164.619	491.400	w	
955	Spectrogram 1	1	165.989166003	166.588971064	230.958	459.459	w	
956	Spectrogram 1	1	171.658835872	171.930622540	216.216	464.373	w	
960	Spectrogram 1	1	179.202896556	180.271299321	358.722	594.595	m	
961	Spectrogram 1	1	181.667720478	181.911391284	206.388	503.686	w	
963	Spectrogram 1	1	193.148001874	193.635343486	171.990	400.491	m	
964	Spectrogram 1	1	192.623172446	193.082398196	248.157	434.889	w	
966	Spectrogram 1	1	204.065966026	204.356496603	223.587	511.057	w	
967	Spectrogram 1	1	212.603453843	213.015819822	46.683	223.587	lt	
968	Spectrogram 1	1	213.203258903	213.409441893	181.818	498.771	w	
969	Spectrogram 1	1	212.134856139	212.434758669	238.329	481.572	w	
970	Spectrogram 1	1	220.981618440	221.431472235	282.555	550.369	w	
971	Spectrogram 1	1	222.190238168	222.630720009	218.673	312.039	w	
972	Spectrogram 1	1	230.493427132	230.980768744	280.098	520.885	w	
973	Spectrogram 1	1	233.351873126	233.792354967	149.877	550.369	w	
974	Spectrogram 1	1	234.242208763	234.467135661	201.474	432.432	w	
976	Spectrogram 1	1	243.698148079	244.429160497	171.990	447.174	m	
977	Spectrogram 1	1	247.540286903	247.858933341	216.216	476.658	w	
978	Spectrogram 1	1	249.705208294	249.986366917	46.683	235.872	lt	
982	Spectrogram 1	1	334.976994963	335.276897493	179.361	375.921	w	
986	Spectrogram 1	1	344.742208763	345.070227156	194.103	353.808	w	
988	Spectrogram 1	1	349.587146673	349.990140698	174.447	285.012	w	
989	Spectrogram 1	1	363.719691073	363.991477741	186.732	410.319	w	
992	Spectrogram 1	1	366.184514995	366.709344424	181.818	309.582	w	
993	Spectrogram 1	1	365.406642807	365.809636832	235.872	351.351	w	
994	Spectrogram 1	1	365.912728327	366.493789480	319.410	493.857	w	
995	Spectrogram 1	1	370.364044166	370.813897962	147.420	314.496	w	
996	Spectrogram 1	1	372.463361879	372.997563261	157.248	307.125	w	
997	Spectrogram 1	1	376.108689667	376.539799555	171.990	272.727	w	
998	Spectrogram 1	1	378.357958646	378.864044166	218.673	316.953	w	
999	Spectrogram 1	1	386.633031748	387.111001406	39.312	228.501	lt	
1000	Spectrogram 1	1	388.263751757	388.582398196	135.135	253.071	w	
1001	Spectrogram 1	1	395.048684161	395.554769681	152.334	289.926	w	
1003	Spectrogram 1	1	404.542111293	404.888873594	159.705	292.383	w	
1004	Spectrogram 1	1	425.112825797	425.431472235	230.958	474.201	w	
1005	Spectrogram 1	1	430.613800492	430.951190839	164.619	292.383	w	
1006	Spectrogram 1	1	433.162972001	433.528478210	34.398	216.216	lt	
1007	Spectrogram 1	1	428.833129217	429.236123243	39.312	211.302	lt	
1008	Spectrogram 1	1	428.205208294	428.533226687	208.845	339.066	w	
1010	Spectrogram 1	1	437.857958646	438.204720947	169.533	484.029	w	
1012	Spectrogram 1	1	450.144228093	450.537850164	181.818	265.356	w	
1013	Spectrogram 1	1	454.951678187	455.307812441	137.592	294.840	w	
1014	Spectrogram 1	1	459.290892924	459.525191776	169.533	491.400	w	
1015	Spectrogram 1	1	459.712268510	460.030914948	137.592	304.668	w	
1016	Spectrogram 1	1	461.933421626	462.795641401	179.361	292.383	w	
1017	Spectrogram 1	1	471.023854733	471.454964620	149.877	297.297	w	
1018	Spectrogram 1	1	476.909441893	477.265576148	226.044	442.260	w	
1019	Spectrogram 1	1	480.826556350	481.163946696	213.759	385.749	w	
1020	Spectrogram 1	1	481.641916354	482.082398196	176.904	312.039	w	
1022	Spectrogram 1	1	483.966160965	484.537850164	196.560	307.125	w	
1023	Spectrogram 1	1	488.886074508	489.157861176	29.484	233.415	lt	
1025	Spectrogram 1	1	500.722490159	501.125484185	61.425	186.732	lt	
1026	Spectrogram 1	1	513.280183927	513.626946228	181.818	452.088	w	
1027	Spectrogram 1	1	516.635343486	517.103941190	282.555	589.681	w	
1028	Spectrogram 1	1	518.575337980	518.968960052	196.560	461.916	w	
1029	Spectrogram 1	1	518.031764644	518.416014761	31.941	275.184	lt	
1030	Spectrogram 1	1	522.136318182	522.473708529	142.506	434.889	w	
1031	Spectrogram 1	1	526.897270853	527.197173383	169.533	442.260	w	
1032	Spectrogram 1	1	532.342013824	532.773123711	41.769	267.813	lt	
1033	Spectrogram 1	1	540.092257498	540.345300258	167.076	341.523	w	
1034	Spectrogram 1	1	537.421250586	537.842988519	147.420	267.813	w	
1035	Spectrogram 1	1	538.770811973	539.070714503	167.076	307.125	w	
1037	Spectrogram 1	1	544.356496603	544.768862582	226.044	400.491	w	
1039	Spectrogram 1	1	547.720665769	548.001824391	162.162	292.383	w	
1040	Spectrogram 1	1	549.829355436	550.166745783	167.076	329.238	w	
1041	Spectrogram 1	1	551.282008318	551.713118205	194.103	380.835	w	
1042	Spectrogram 1	1	555.855159560	556.305013355	176.904	309.582	w	
1043	Spectrogram 1	1	558.657373828	558.985392221	171.990	316.953	w	
1044	Spectrogram 1	1	559.660172915	559.997563261	162.162	410.319	w	
1045	Spectrogram 1	1	568.225776593	568.834953608	157.248	358.722	w	
1046	Spectrogram 1	1	568.966160965	569.331667174	142.506	294.840	w	
1047	Spectrogram 1	1	570.147027179	570.643740745	49.140	176.904	lt	
1048	Spectrogram 1	1	562.996226218	563.483567830	51.597	171.990	lt	
1049	Spectrogram 1	1	576.885099813	577.147514527	120.393	346.437	w	
1051	Spectrogram 1	1	586.462874531	586.781520970	179.361	383.292	w	
1052	Spectrogram 1	1	578.899707591	579.199610122	113.022	319.410	w	
1054	Spectrogram 1	1	590.492452437	590.961050141	140.049	334.152	w	
1055	Spectrogram 1	1	593.847611996	594.278721884	36.855	203.931	lt	
1056	Spectrogram 1	1	596.199610122	596.686951734	142.506	309.582	w	
1057	Spectrogram 1	1	602.900557287	603.209831771	181.818	368.550	w	
1058	Spectrogram 1	1	603.350411082	603.669057521	206.388	361.179	w	
1060	Spectrogram 1	1	610.004136129	610.294666706	171.990	363.636	w	
1062	Spectrogram 1	1	617.004623477	617.416989456	174.447	319.410	w	
1063	Spectrogram 1	1	620.219203725	620.715917291	181.818	314.496	w	
1064	Spectrogram 1	1	623.002311739	623.349074039	164.619	312.039	w	
1065	Spectrogram 1	1	622.065116331	622.430622540	230.958	442.260	w	
1066	Spectrogram 1	1	621.521542994	622.355646907	206.388	461.916	m	
1067	Spectrogram 1	1	622.458738402	623.039799555	245.700	444.717	m	
1069	Spectrogram 1	1	625.720178421	626.141916354	66.339	262.899	lt	
1070	Spectrogram 1	1	629.618911317	630.199972470	71.253	240.786	lt	
1071	Spectrogram 1	1	634.595056584	634.941818885	196.560	383.292	w	
1073	Spectrogram 1	1	642.410903936	642.842013824	184.275	289.926	w	
1074	Spectrogram 1	1	658.745495197	659.223464855	211.302	321.867	w	
1076	Spectrogram 1	1	665.014970127	665.286756795	211.302	326.781	w	
1077	Spectrogram 1	1	666.758153585	667.058056115	221.130	304.668	w	
1079	Spectrogram 1	1	673.140091963	673.524342081	189.189	331.695	w	
1080	Spectrogram 1	1	676.757666237	677.085684630	211.302	324.324	w	
1081	Spectrogram 1	1	686.110514058	686.476020267	267.813	425.061	w	
1082	Spectrogram 1	1	687.431959583	687.675630389	181.818	366.093	w	
1083	Spectrogram 1	1	695.603941190	696.006935216	218.673	373.464	w	
1084	Spectrogram 1	1	702.595056584	703.101142104	171.990	307.125	w	
1085	Spectrogram 1	1	700.055257029	700.589458411	51.597	277.641	lt	
1087	Spectrogram 1	1	705.453502577	705.997075914	154.791	262.899	w	
1089	Spectrogram 1	1	713.766063496	714.150313613	117.936	289.926	w	
1091	Spectrogram 1	1	716.352360473	716.792842315	164.619	277.641	w	
1092	Spectrogram 1	1	725.058543463	725.555257029	159.705	294.840	w	
1093	Spectrogram 1	1	727.092257498	727.542111293	235.872	336.609	w	
1094	Spectrogram 1	1	736.070227156	736.435733365	324.324	471.744	w	
1095	Spectrogram 1	1	738.431959583	738.956789011	164.619	260.442	w	
1097	Spectrogram 1	1	737.007422563	737.466648313	221.130	375.921	w	
1099	Spectrogram 1	1	745.104428538	745.394959114	223.587	329.238	w	
1104	Spectrogram 1	1	752.104915886	752.470422095	213.759	373.464	w	
1105	Spectrogram 1	1	753.257666237	753.595056584	162.162	277.641	w	
1106	Spectrogram 1	1	755.431959583	755.591282802	174.447	366.093	w	
1107	Spectrogram 1	1	756.847124649	757.428185801	194.103	329.238	w	
1108	Spectrogram 1	1	758.554507849	758.938757966	176.904	375.921	w	
1110	Spectrogram 1	1	762.031140464	762.312299086	164.619	356.265	w	
1111	Spectrogram 1	1	764.364757029	764.805238871	216.216	287.469	w	
1113	Spectrogram 1	1	775.695087160	776.416727624	31.941	307.125	lt	
1114	Spectrogram 1	1	776.510447165	776.941557052	253.071	444.717	w	
1116	Spectrogram 1	1	781.495964386	782.011421860	201.474	442.260	m	
1117	Spectrogram 1	1	783.267263707	783.726489456	184.275	378.378	w	
1118	Spectrogram 1	1	787.615488051	787.896646673	201.474	484.029	w	
1122	Spectrogram 1	1	801.644940956	802.010447165	149.877	429.975	w	
1124	Spectrogram 1	1	807.258379100	807.558281631	157.248	248.157	w	
1125	Spectrogram 1	1	808.073739105	808.570452671	29.484	299.754	lt	
1128	Spectrogram 1	1	815.154574742	815.613800492	221.130	334.152	w	
1129	Spectrogram 1	1	815.416989456	816.007422563	39.312	287.469	lt	
1130	Spectrogram 1	1	810.815360005	811.087146673	95.823	761.671	lt	
1131	Spectrogram 1	1	818.462874531	818.837752694	174.447	343.980	w	
